ID	SubjectName	TrialID	TrialSequence	CountInTrial	StartTime	Length	PosX	PosY	
18082	UL29	8	1	1	250	200	407.5	218.923080444336	
18083	UL29	8	1	2	500	450	386.294647216797	106.571426391602	
18084	UL29	8	1	3	966	167	344.772735595703	94.0909118652344	
18085	UL29	8	1	4	1200	167	-190	0	
18086	UL29	8	1	5	1433	250	416.796875	46.25	
18087	UL29	8	1	6	2067	167	254.204544067383	5.72727251052856	
18088	UL29	8	1	7	2284	367	438.011352539063	66.0454559326172	
18089	UL29	8	1	8	2801	183	495.208343505859	72.75	
18090	UL29	8	1	9	3284	150	476.875	131	
18091	UL29	8	1	10	3451	150	431.125	129.199996948242	
18092	UL29	8	1	11	3851	234	472.916656494141	235.199996948242	
18093	UL29	8	1	12	4151	167	563.75	168.545455932617	
18094	UL29	8	1	13	4785	300	436.973693847656	237.947372436523	
18095	UL29	8	1	14	5168	251	492.890625	301.125	
18096	UL29	8	1	15	5469	200	467.019226074219	211.153839111328	
18097	UL29	8	1	16	5769	150	509	230.800003051758	
18098	UL29	8	1	17	5935	267	491.029418945313	255.823532104492	
18099	UL29	8	1	18	6219	217	462.053558349609	259.214294433594	
18100	UL29	8	1	19	6486	483	512.583312988281	278.966674804688	
18101	UL29	8	1	20	6986	150	486.375	313.700012207031	
18102	UL29	8	1	21	7286	200	420.865386962891	445.923065185547	
18103	UL29	8	1	22	7603	167	458.409088134766	452.818176269531	
18104	UL29	8	1	23	7886	284	370.902770996094	456.888885498047	
18105	UL29	8	1	24	8186	167	446.477264404297	465.545440673828	
18106	UL29	8	1	25	8403	300	584.671081542969	464.842102050781	
18107	UL29	8	1	26	8737	650	682.211547851563	466.205139160156	
18108	UL29	8	1	27	9520	184	742.604187011719	456.583343505859	
18109	UL29	8	1	28	9787	167	792.5	448.272735595703	
18110	UL29	8	1	29	10171	216	554.196411132813	463.214294433594	
18111	UL29	8	1	30	10471	283	423.541656494141	463.833343505859	
18112	UL29	8	1	31	10938	350	652.613647460938	465.545440673828	
18113	UL29	8	1	32	11304	567	691.857116699219	459.314300537109	
18114	UL29	8	1	33	11905	183	507.083343505859	279	
18115	UL29	8	1	34	12121	884	747.129638671875	445.703704833984	
18116	UL29	8	1	35	13022	167	775.795471191406	443.909088134766	
18117	UL29	8	1	36	13255	500	681.370971679688	463.645172119141	
18118	UL29	8	1	37	13789	150	574.5	249.899993896484	
18119	UL29	8	1	38	13956	283	506.180541992188	242.277770996094	
18120	UL29	8	1	39	14256	233	493.166656494141	291.399993896484	
18121	UL29	8	1	40	14556	267	764.705871582031	531.411743164063	
18122	UL29	8	1	41	14873	316	701.4375	538.799987792969	
18123	UL29	8	1	42	15206	167	751.25	534.818176269531	
18124	UL29	8	1	43	15423	183	417.5	542.25	
18125	UL29	8	1	44	15840	333	440.238098144531	633.952392578125	
18126	UL29	8	1	45	16190	150	501	633.5	
18127	UL29	8	1	46	16423	167	407.159088134766	633.363647460938	
18128	UL29	8	1	47	16623	184	308.333343505859	636.416687011719	
18129	UL29	8	1	48	17007	400	521.900024414063	641.960021972656	
18130	UL29	8	1	49	17440	150	579.875	646.299987792969	
18131	UL29	8	1	50	17974	333	434.642852783203	648.380981445313	
18132	UL29	8	1	51	18374	234	508.416656494141	640.799987792969	
18133	UL29	8	1	52	18641	367	623.695678710938	646.478271484375	
18134	UL29	8	1	53	19058	183	773.958312988281	633	
18135	UL29	8	1	54	19308	250	887.109375	617.8125	
18136	UL29	8	1	55	19608	233	661.833312988281	635.400024414063	
18137	UL29	8	1	56	20058	184	367.708343505859	725.5	
18138	UL29	8	1	57	20275	333	492.321441650391	728.238098144531	
18139	UL29	8	1	58	20708	150	550.25	755.900024414063	
18140	UL29	8	1	59	20875	434	587.5	766.592590332031	
18141	UL29	8	1	60	21525	334	509.523803710938	798.761901855469	
18142	UL29	8	1	61	21909	250	633.90625	803	
18143	UL29	8	1	62	22276	150	707.125	809.400024414063	
18144	UL29	8	1	63	22476	250	575.9375	772.4375	
18145	UL29	8	1	64	22776	317	490.375	748.200012207031	
18146	UL29	8	1	65	23243	200	650.384643554688	754.692321777344	
18147	UL29	8	1	66	23476	217	472.410705566406	743.357116699219	
18148	UL29	8	1	67	23910	150	521.125	776.799987792969	
18149	UL29	8	1	68	24093	334	673.273803710938	767.619018554688	
18150	UL29	8	1	69	24460	267	842.794128417969	759.11767578125	
18151	UL29	8	1	70	24877	150	921.25	761.799987792969	
18152	UL29	8	1	71	25177	300	819.276306152344	779.315795898438	
18153	UL29	8	1	72	25560	317	696.1875	761.049987792969	
18154	UL29	8	1	73	26078	150	559.875	226.399993896484	
18155	UL29	8	1	74	26411	167	663.181823730469	201.727279663086	
18156	UL29	8	1	75	26628	283	609.305541992188	190.555557250977	
18157	UL29	8	1	76	26928	200	634.615356445313	194.076919555664	
18158	UL29	8	1	77	27245	283	554.097229003906	200.444442749023	
18159	UL29	8	1	78	27611	150	470.25	233.399993896484	
18160	UL29	8	1	79	27778	834	463.161773681641	256.313720703125	
18161	UL29	8	1	80	29812	217	513.571411132813	375.428558349609	
18162	UL29	8	1	81	30079	334	469.464294433594	330.619049072266	
18163	UL29	8	1	82	30796	334	718.75	204.904754638672	
18164	UL29	8	1	83	31196	200	788.846130371094	218.153839111328	
18165	UL29	8	1	84	31447	266	466.544128417969	315.470581054688	
18166	UL29	8	1	85	31730	600	462.466217041016	290.243255615234	
18167	UL29	8	1	86	32730	451	825.625	172.357147216797	
18168	UL29	8	1	87	33214	434	645.879638671875	186.592590332031	
18169	UL29	8	1	88	33681	483	592.541687011719	187.5	
18170	UL29	8	1	89	34181	183	649.479187011719	187.66667175293	
18171	UL29	8	1	90	34831	334	927.261901855469	758.714294433594	
18172	UL29	8	1	91	35398	167	693.068176269531	830.545471191406	
18173	UL29	8	1	92	35615	167	438.522735595703	816.909118652344	
18174	UL29	8	1	93	35882	283	624.722229003906	814.833312988281	
18175	UL29	8	1	94	36182	150	662.75	813.5	
18176	UL29	8	1	95	36365	234	720.083312988281	805.933349609375	
18177	UL29	8	1	96	36615	417	670.288452148438	806.384643554688	
18178	UL29	8	1	97	37299	183	600.104187011719	814.166687011719	
18179	UL29	8	1	98	37549	384	664.21875	817.333312988281	
18180	UL29	8	1	99	38199	317	549.125	814.349975585938	
18181	UL29	8	1	100	38550	266	626.691162109375	819.588256835938	
18182	UL29	8	1	101	38866	651	691.96875	815.799987792969	
18183	UL29	8	1	102	39583	300	675.131591796875	885.421081542969	
18184	UL29	8	1	103	39933	384	659.166687011719	813.291687011719	
18185	UL29	8	1	104	40384	183	670.3125	749.916687011719	
18186	UL29	8	1	105	40584	200	617.788452148438	768.692321777344	
18187	UL29	8	1	106	40834	183	554.895812988281	773.083312988281	
18188	UL29	8	1	107	41034	183	557.5	848.916687011719	
18189	UL29	8	1	108	41251	350	852.329528808594	851.636352539063	
18190	UL29	8	1	109	41651	217	715.178588867188	851.357116699219	
18191	UL29	8	1	110	41934	217	693.660705566406	815.857116699219	
18192	UL29	8	1	111	42284	334	671.130981445313	824.90478515625	
18193	UL29	8	1	112	42635	267	638.014709472656	821.176452636719	
18194	UL29	8	1	113	42951	217	678.214294433594	822.214294433594	
18195	UL29	8	1	114	43235	200	851.730773925781	767.846130371094	
18196	UL29	8	1	115	43535	250	914.609375	772.25	
18197	UL29	8	1	116	44085	217	832.410705566406	750.857116699219	
18198	UL29	8	1	117	44435	451	695.044616699219	808.5	
18199	UL29	8	1	118	45036	250	660.46875	549	
18200	UL29	8	1	119	45469	167	664.772705078125	433.272735595703	
18201	UL29	8	1	120	45719	167	905.795471191406	640.090881347656	
18202	UL29	8	1	121	45919	267	680.36767578125	636.411743164063	
18203	UL29	8	1	122	46236	250	760.9375	626.375	
18204	UL29	8	1	123	46603	250	697.65625	634.625	
18205	UL29	8	1	124	46870	333	647.875	637.950012207031	
18206	UL29	8	1	125	47237	366	770.869567871094	633.869567871094	
18207	UL29	8	1	126	47654	233	865.5	623.533325195313	
18208	UL29	8	1	127	47970	467	921.594848632813	620	
18209	UL29	8	1	128	48487	284	884.652770996094	797.666687011719	
18210	UL29	8	1	129	48837	567	872.964294433594	835.028564453125	
18211	UL29	8	1	130	49471	250	783.75	803.9375	
18212	UL29	8	1	131	49738	317	832	839.099975585938	
18213	UL29	8	1	132	50121	250	890.9375	850.75	
18214	UL29	8	1	133	50588	400	768.75	769.200012207031	
18215	UL29	8	1	134	51388	200	850.865356445313	854.076904296875	
18216	UL29	8	1	135	51622	283	932.777770996094	859.611083984375	
18217	UL29	8	1	136	51989	417	710.673095703125	746.615356445313	
18218	UL29	8	1	137	52422	217	844.375	859.428588867188	
18219	UL29	8	1	138	52656	583	923.455871582031	871.441162109375	
18220	UL29	8	1	139	53256	400	901.200012207031	887.440002441406	
18221	UL29	8	1	140	53706	400	985.950012207031	873.080017089844	
18222	UL29	8	1	141	54190	183	1060.41662597656	849.666687011719	
18223	UL29	8	1	142	54456	234	781.75	874.866638183594	
18224	UL29	8	1	143	54757	433	746.527770996094	903.962951660156	
18225	UL29	8	1	144	55207	217	704.642883300781	893.428588867188	
18226	UL29	8	1	145	55440	434	524.074096679688	892.296325683594	
18227	UL29	8	1	146	55907	317	641	883.049987792969	
18228	UL29	8	1	147	56307	167	595.227294921875	860.727294921875	
